The best performant HillClimbing setups are hc-r-p and hc-pmo-p

Setup hc-r-p
1. Pros: better discovery of ends of axes, stable with simulation time 
2. Cons: problems of discovery of all dimensions, mislead by spanned points (Intransitive game) 

Setup hc-pmo-p
1. Pros: better discovers dimensions and seems to be stable in cases of spanned points 
2. Cons: very slow convergance to ends of axis. 


----------------------------------
Stat result for GreaterThanGame, metric ARRA
Friedman: FriedmanchisquareResult(statistic=75.49624060150381, pvalue=1.5647692052196845e-15)
+----------+-------------+------------+-------------+-------------+-------------+
|          |    rand     |  hc-pmo-i  |   hc-r-p    |   hc-r-i    |  hc-pmo-p   |
+==========+=============+============+=============+=============+=============+
|   rand   |      1      |  0.018703  | 1.22739e-10 | 8.51511e-10 |  0.163125   |
+----------+-------------+------------+-------------+-------------+-------------+
| hc-pmo-i |  0.018703   |     1      | 0.00189862  | 0.00547253  |  0.925665   |
+----------+-------------+------------+-------------+-------------+-------------+
|  hc-r-p  | 1.22739e-10 | 0.00189862 |      1      |  0.998545   | 5.74402e-05 |
+----------+-------------+------------+-------------+-------------+-------------+
|  hc-r-i  | 8.51511e-10 | 0.00547253 |  0.998545   |      1      | 0.000211295 |
+----------+-------------+------------+-------------+-------------+-------------+
| hc-pmo-p |  0.163125   |  0.925665  | 5.74402e-05 | 0.000211295 |      1      |
+----------+-------------+------------+-------------+-------------+-------------+

----------------------------------
Stat result for CompareOnOneGame, metric ARRA
Friedman: FriedmanchisquareResult(statistic=63.034482758620754, pvalue=6.673438753081177e-13)
+----------+-------------+-------------+-------------+-------------+------------+
|          |    rand     |  hc-pmo-i   |   hc-r-p    |   hc-r-i    |  hc-pmo-p  |
+==========+=============+=============+=============+=============+============+
|   rand   |      1      |  0.687247   | 2.51261e-08 | 1.51982e-08 |  0.177897  |
+----------+-------------+-------------+-------------+-------------+------------+
| hc-pmo-i |  0.687247   |      1      | 3.20478e-05 | 2.15387e-05 |  0.897689  |
+----------+-------------+-------------+-------------+-------------+------------+
|  hc-r-p  | 2.51261e-08 | 3.20478e-05 |      1      |   0.99999   | 0.00162049 |
+----------+-------------+-------------+-------------+-------------+------------+
|  hc-r-i  | 1.51982e-08 | 2.15387e-05 |   0.99999   |      1      | 0.00117425 |
+----------+-------------+-------------+-------------+-------------+------------+
| hc-pmo-p |  0.177897   |  0.897689   | 0.00162049  | 0.00117425  |     1      |
+----------+-------------+-------------+-------------+-------------+------------+

----------------------------------
Stat result for FocusingGame, metric ARRA
Friedman: FriedmanchisquareResult(statistic=16.076521739130524, pvalue=0.002918183062174895)
+----------+------------+------------+------------+----------+------------+
|          |    rand    |  hc-pmo-i  |   hc-r-p   |  hc-r-i  |  hc-pmo-p  |
+==========+============+============+============+==========+============+
|   rand   |     1      |  0.999999  | 0.00962721 | 0.246272 |  0.760677  |
+----------+------------+------------+------------+----------+------------+
| hc-pmo-i |  0.999999  |     1      | 0.0110361  | 0.265686 |  0.783543  |
+----------+------------+------------+------------+----------+------------+
|  hc-r-p  | 0.00962721 | 0.0110361  |     1      | 0.736935 |  0.227779  |
+----------+------------+------------+------------+----------+------------+
|  hc-r-i  |  0.246272  |  0.265686  |  0.736935  |    1     |  0.912338  |
+----------+------------+------------+------------+----------+------------+
| hc-pmo-p |  0.760677  |  0.783543  |  0.227779  | 0.912338 |     1      |
+----------+------------+------------+------------+----------+------------+

----------------------------------
Stat result for IntransitiveRegionGame, metric DC
Friedman: FriedmanchisquareResult(statistic=107.93663366336636, pvalue=2.0043346811242425e-22)
+----------+------------+-------------+-------------+-------------+-------------+
|          |    rand    |  hc-pmo-i   |   hc-r-p    |   hc-r-i    |  hc-pmo-p   |
+==========+============+=============+=============+=============+=============+
|   rand   |     1      |  0.925665   | 2.8429e-10  | 2.8429e-10  |  0.937677   |
+----------+------------+-------------+-------------+-------------+-------------+
| hc-pmo-i |  0.925665  |      1      | 5.27595e-08 | 5.27595e-08 |  0.999999   |
+----------+------------+-------------+-------------+-------------+-------------+
|  hc-r-p  | 2.8429e-10 | 5.27595e-08 |      1      |      1      | 4.12686e-08 |
+----------+------------+-------------+-------------+-------------+-------------+
|  hc-r-i  | 2.8429e-10 | 5.27595e-08 |      1      |      1      | 4.12686e-08 |
+----------+------------+-------------+-------------+-------------+-------------+
| hc-pmo-p |  0.937677  |  0.999999   | 4.12686e-08 | 4.12686e-08 |      1      |
+----------+------------+-------------+-------------+-------------+-------------+

----------------------------------
Stat result for IntransitiveRegionGame, metric ARRA
Friedman: FriedmanchisquareResult(statistic=107.62992125984252, pvalue=2.3300147006242325e-22)
+----------+-------------+-------------+-------------+-------------+-------------+
|          |    rand     |  hc-pmo-i   |   hc-r-p    |   hc-r-i    |  hc-pmo-p   |
+==========+=============+=============+=============+=============+=============+
|   rand   |      1      |  0.881728   | 1.62662e-10 | 1.62662e-10 |  0.897689   |
+----------+-------------+-------------+-------------+-------------+-------------+
| hc-pmo-i |  0.881728   |      1      | 6.73398e-08 | 6.73398e-08 |  0.999999   |
+----------+-------------+-------------+-------------+-------------+-------------+
|  hc-r-p  | 1.62662e-10 | 6.73398e-08 |      1      |      1      | 5.27595e-08 |
+----------+-------------+-------------+-------------+-------------+-------------+
|  hc-r-i  | 1.62662e-10 | 6.73398e-08 |      1      |      1      | 5.27595e-08 |
+----------+-------------+-------------+-------------+-------------+-------------+
| hc-pmo-p |  0.897689   |  0.999999   | 5.27595e-08 | 5.27595e-08 |      1      |
+----------+-------------+-------------+-------------+-------------+-------------+